last/save-files/game0:WWWWWWWWWWWWWWWWWWWWWWWWWWWWWW
last/save-files/game1:level2
last/save-files/game2:2022-12-20T19:27:20.594259
last/save-files/game3:2022-12-20T19:28:16.350601
last/save-files/game4:2022-12-20T19:29:22.718751
last/save-files/game5:2022-12-16T13:11:22.984759
last/save-files/game6:2022-12-16T13:11:23.584611
last/save-files/game7:WWWWWWWWWWWWWWWWWWWWWWWWWWWWWW
last/save-files/game8:WWWWWWWWWWWWWWWWWWWWWWWWWWWWWW
last/save-files/game9:2022-12-20T19:30:10.793563
