last/save-files/game0:2022-12-04T15:39:13.567243
last/save-files/game1:2022-12-04T15:40:46.099544
last/save-files/game2:2022-12-04T15:39:14.661433
last/save-files/game3:2022-12-04T15:39:15.225473
last/save-files/game4:2022-12-04T15:39:15.854399
last/save-files/game5:2022-12-04T15:39:16.898614
last/save-files/game6:2022-12-04T15:39:17.878591
last/save-files/game7:2022-12-04T15:39:19.160519
last/save-files/game8:2022-12-04T15:40:26.420108
last/save-files/game9:2022-12-04T15:39:20.320589
