last/save-files/game0:2022-12-16T13:11:20.472232
last/save-files/game1:2022-12-16T13:11:21.085195
last/save-files/game2:2022-12-16T13:11:21.625066
last/save-files/game3:2022-12-16T13:11:22.100383
last/save-files/game4:2022-12-16T13:11:22.552205
last/save-files/game5:2022-12-16T13:11:22.984759
last/save-files/game6:2022-12-16T13:11:23.584611
last/save-files/game7:2022-12-16T13:11:23.947634
last/save-files/game8:2022-12-16T13:11:24.354558
last/save-files/game9:2022-12-16T13:11:24.872928
