last/save-files/game0:2022-12-06T20:51:04.606819
last/save-files/game1:2022-12-05T23:16:00.384015
last/save-files/game2:2022-12-05T12:30:05.979638
last/save-files/game3:2022-12-05T12:30:06.501179
last/save-files/game4:2022-12-05T12:30:07.064686
last/save-files/game5:2022-12-05T12:30:07.700405
last/save-files/game6:2022-12-05T12:30:08.271365
last/save-files/game7:2022-12-05T12:30:08.836185
last/save-files/game8:2022-12-05T12:30:09.329325
last/save-files/game9:2022-12-05T12:30:09.809973
